Label	Mineral	SiO2	Al2O3	TiO2	MgO	FeO	MnO	CaO	Na2O	K2O	ZnO	Cr2O3	Fe2O3	
1	bt	36.31	19.74	1.43	10.04	18.35	0.12	0.11	0.28	7.9	0	0	0	
2	wm	47.49	35.84	0.43	0.48	0.74	0	0.07	1.78	8.29	0	0	0
3c	grt	38.53	21.85	0	2.3	33.77	4.86	0.87	0	0	0	0	0
4r	grt	37.2	20.67	0.08	2.44	30.2	0.67	7.78	0	0	0	0	0
5	plag	64.93	22.58	0	0	0	0	2.91	9.37	0.44	0	0	0.61
6	chl	24.1	23.8	.11	16.5	23.4	.04	0	0	0	0	0	0
7	stau	28.2	52.9	0.65	1.99	13.3	0.38	0	0	0	0.25	0	0
8	ctd	24.2	37.1	0	3.2	23.1	1.86	0	0	0	0	0	0
9	alsi	36.5	62.4	0	0	0	0	0	0	0	0	0.1	0.19
10	crd	50.2	33.5	0	12.8	0.84	0.06	0.23	0.26	0.14	0	0	0.14
11	ol	36.63	0.07	0	19.69	8.59	0.44	34.17	0	0	0	0	0
12mar	amph	54.4	8.2	0	8.4	16	0	1.2	7.2	0	0	0	0
13	cpx	53.79	5.74	0.16	7.91	10.8	0.12	14.48	5.91	0	0	0	0
14	zoep	38.86	28.43	0.06	0.09	0	0.08	23.47	0	0	0	0	6.968
15	cal	0	0	0	1.35	2.42	0.51	57.5	0	0	0	0	0
15a	dol	0	0	0	15.6	10.91	0.39	29.91	0	0	0	0	0
16	spin	0.09	21.6	0.32	17.2	15.433	0.3	0	0	0	0	43.8	0
17	saph	12.93	60.99	0.03	17.05	8.75	0.04	0	0	0	0	0	0
18	fetiox	0	0	57.32	0.43	41.14	0.54	0.92	0	0	0	0	0
19	sphen	30.44	0	39.66	0	0	0.05	27.2	0	0	0	0	0.19	
20	ta	57.2	0.04	0	25.7	11	0.04	0.2	0	0	0	0	0
21	plag	65.19	21.21	0	0	0	0	2.65	10.95	0.11	0	0	0
22	min5	36.5	62.4	0	0	0	0	0	0	0	0	0	0